2000
2002
2003
2006
2007
2010
2011
2012
2013
2018
2020
2022
2024
2025
2027
2032
2036
2041
2042
2043
2044
2045
2046
2047
2048
2051
2053
2055
2057
2059
2063
2064
2067
2068
2069
2070
2072
2074
2076
2079
2080
2085
2086
2090
2093
2096
2097
2098
2099
2100
2101
2102
2103
2104
2105
2107
2108
2114
2115
2116
2117
2118
2119
2120
2121
2122
2124
2125
2126
2127
2128
2129
2130
2131
2134
2138
2139
2142
2143
2144
2146
2147
2156
2166
2168
2169
2170
2171
2172
2174
2175
2176
2182
2189
2192
2195
2196
2197
2198
2199
2201
2202
2203
2204
2205
2208
2211
2212
2223
2225
2228
2230
2232
2235
2236
2237
2238
2241
2242
2245
2246
2248
2253
2255
2256
2257
2259
2260
2262
2263
2264
2265
2267
2269
2271
2272
2274
2276
2277
2278
2280
2281
2282
2289
2291
2296
2297
2298
2299
2300
2309
2310
2311
2312
2318
2319
2324
2332
2334
2342
2343
2344
2345
2346
2347
2348
2349
2351
2352
2354
2355
2356
2358
2367
2373
2374
2375
2377
2379
2380
2381
2383
2384
2385
2388
2390
2392
2395
2400
2402
2403
2404
2412
2416
2424
2428
2430
2431
2436
2437
2439
2444
2447
2448
2449
2451
2452
2453
2454
2458
3458
3460
3462
3463
3464
3466
3467
3468
3469
3470
3472
3476
3481
3485
3486
3487
3488
3490
3491
3492
3500
3505
3506
3507
3508
3512
3517
3518
3519
3520
3521
3524
3526
3527
3529
3530
3531
3534
3535
3536
3538
3539
3540
3542
3559
3575
3577
3578
3579
3581
3583
3584
3596
3598
3601
3608
3611
3612
3614
3615
3616
3618
3622
3628
3629
3630
3632
3633
3639
3640
3642
3645
3647
3648
3650
3652
3653
3654
3655
3657
3658
3659
3660
3664
3668
3669
3672
3674
3675
3677
3678
3686
3688
3691
3702
3703
3704
3706
3711
3718
4719
4720
4724
4726
4728
4732
4735
4738
4740
4741
4742
4745
4746
4749
4752
4755
4760
4761
4763
4765
4768
4769
4773
4774
4775
4777
4778
4779
4781
4782
4785
4792
4796
4800
4801
4802
4803
4806
4808
4810
4811
4813
4818
4819
4823
4827
4828
4830
4833
4837
4838
4841
4842
4844
4845
4846
4848
4849
4851
4852
4855
4857
4862
4863
4865
4866
4867
4868
4869
4870
4873
4877
4878
4879
4880
4884
4885
4887
4888
4892
4895
4896
4897
4900
4901
4905
4906
4908
4909
4912
4914
4915
4916
4917
4919
4923
4927
4928
4931
4937
4939
4940
4941
4943
4944
4945
4953
4954
4957
4958
4959
4962
4966
4967
4968
4973
4982
4983
4984
4986
4987
4988
4991
4993
4999
5010
5014
5015
5016
5017
5022
5025
5026
5031
5039
5045
5046
5054
5060
5063
5069
5071
5073
5078
5079
5082
5083
5088
5089
5090
5094
5096
5097
5098
5099
5100
5105
5107
5115
5120
5123
5126
5128
5129
5130
5136
5147
5148
5157
5159
5163
5164
5165
5175
5200
5202
5204
5205
5208
5213
5214
5215
5216
5222
5226
5227
5239
5241
5246
5269
5270
5271
5272
5274
5278
5284
5285
5289
5311
5317
5354
5366
5370
5372
5380
5385
5386
5390
5391
5393
5401
5411
5414
5427
5429
5430
5432
5443
5449
5458
5460
5464
5468
5471
5484
5486
5488
5489
5490
5494
5497
5500
5505
5511
5519
5525
5530
5531
5533
5540
5542
5549
5550
5553
5558
5561
5571
5573
5574
5575
5576
5581
5582
5583
5586
5590
5591
5598
5599
5601
5603
5604
5605
5608
5609
5610
5611
5613
5617
5619
5620
5626
5627
5628
5630
5632
5635
5640
5641
5651
5655
5658
5661
5662
5663
5668
5669
5676
5677
5678
5681
5683
5685
5695
5699
5700
5701
5706
5709
5719
5721
5722
5723
5724
5725
5726
5728
5729
5738
5743
5745
5752
5757
5758
5773
5778
5784
5787
5792
5796
5800
5803
5806
5808
5810
5811
5816
5819
5823
5828
5830
5831
5834
5836
5841
5842
5866
5867
5870
5876
5884
5885
5894
5896
5908
5909
5911
5913
5916
5926
5928
5930
5940
5945
5948
5967
5971
5974
5979
5982
5984
5985
5988
5989
5990
5993
5994
5999
6000
6001
6002
6006
6008
6009
6011
6020
6025
6041
6078
6098
6101
6128
6133
6281
6314
6348
6372
6373
6380
6397
6409
6410
6411
6414
6415
6416
6428
6438
6440
6441
6461
6470
6471
6473
6479
6481
6482
6483
6487
6492
6498
6510
6511
6513
6517
6519
6520
6528
6529
6542
6544
6545
6546
6547
6548
6549
6550
6551
6555
6558
6566
6569
6572
6575
6579
6590
6604
6616
6629
6630
6631
6632
6633
6635
6639
6646
6653
6659
6660
6661
6662
6663
6664
6667
6670
6671
6674
6678
6679
6680
6683
6684
6685
6688
6691
6698
6703
6704
6705
6706
6708
6710
6719
6721
6722
6724
6727
6728
6731
6734
6735
6737
6739
6740
6743
6748
6752
6754
6756
6760
6761
6762
6767
6768
6771
6773
6776
6777
6778
6780
6781
6783
6784
6785
6790
6795
6798
6800
6803
6804
6805
6806
6811
6814
6817
6818
6820
6824
6825
6828
6833
6835
6836
6839
6840
6841
6842
6843
6845
6847
6848
6851
6853
6854
6856
6859
6860
6864
6865
6867
6868
6872
6873
6876
6877
6878
6884
6888
6889
6890
6891
6895
6896
6897
6899
6900
6908
6912
6913
6915
6917
6924
6925
6926
6928
6931
6936
6937
6938
6942
6943
6944
6945
6946
6948
6950
6951
6952
6954
6955
6958
6959
6962
6963
6964
6965
6966
6971
6972
6975
6976
6985
6992
6993
6994
6995
6996
7004
7005
7006
7007
7008
7009
7010
7017
7018
7019
7020
7023
7026
7032
7033
7037
7038
7039
7042
7046
7048
7050
7053
7056
7058
7062
7063
7067
7069
7076
7089
7091
7093
7096
7099
7114
7120
7132
7134
7143
7144
7146
7149
7151
7153
7156
7161
7166
7167
7168
7169
7172
7173
7175
7178
7187
7189
7200
7201
7202
7209
7211
7214
7219
7222
7223
7225
7229
7240
7242
7247
7249
7255
7256
7263
7264
7265
7266
7267
7268
7270
7271
7272
7273
7275
7277
7281
7284
7294
7299
7304
7305
7306
7307
7309
7314
7316
7318
7322
7332
7334
7339
7343
7347
7349
7350
7352
7355
7359
7365
7368
7384
7398
7401
7406
7412
7413
7416
7423
7427
7430
7435
7436
7437
7440
7441
7442
7443
7447
7452
7453
7456
7457
7458
7470
7471
7473
7474
7475
7480
7482
7483
7485
7486
7487
7493
7495
7500
7501
7504
7509
7518
7519
7526
7532
7533
7536
7538
7540
7542
7543
7545
7547
7548
7549
7553
7554
7555
7556
7557
7558
7559
7560
7566
7572
7573
7580
7582
7597
7613
7615
7618
7620
7621
7622
7623
7624
7625
7627
7628
7632
7633
7634
7636
7642
7644
7645
7646
7648
7650
7651
7658
7659
7661
7667
7671
7672
7673
7674
7675
7679
7681
7683
7688
7689
7691
7693
7694
7699
7700
7702
7703
7705
7706
7708
7709
7710
7712
7714
7715
7716
7717
7718
7720
7721
7722
7723
7724
7725
7726
7730
7731
7732
7733
7734
7735
7737
7738
7740
7743
7745
7749
7750
7754
7756
7757
7758
7760
7767
7770
7771
7772
7775
7777
7778
7782
7783
7784
7786
7789
7790
7791
7793
7794
7795
7796
7799
7805
7809
7810
7827
7828
7829
7832
7833
7834
7838
7840
7841
7843
7844
7845
7850
7851
7853
7854
7855
7856
7857
7858
7859
7861
7867
7870
7872
7875
7883
7887
7888
7890
7891
7892
7893
7895
7896
7899
7901
7902
7903
7905
7906
7911
7912
7913
7915
7916
7917
7919
7920
7925
7926
7929
7930
7932
7942
7944
7945
7947
7951
7952
7955
7958
7959
7962
7963
7964
7965
7966
7969
7970
7971
7973
7982
7987
7990
7991
7992
7993
7994
7996
7997
8001
8002
8004
8015
8018
8019
8020
8025
8026
8027
8028
8029
8030
8031
8032
8033
8038
8039
8040
8045
8053
8054
8056
8057
8058
8059
8060
8061
8062
8066
8067
8068
8070
8072
8076
8077
8079
8080
8081
8083
8084
8088
8091
8092
8096
8097
8098
8101
8102
8107
8108
8112
8114
8116
8119
8120
8122
8123
8127
8128
8129
8130
8131
8133
8135
8136
8137
8139
8140
8142
8144
8145
8146
8147
8148
8149
8150
8153
8154
8155
8156
8158
8159
8160
8162
8163
8165
8167
8168
8169
8172
8175
8177
8178
8179
8181
8183
8185
8186
8187
8193
8194
8197
8198
8204
8205
8206
8207
8209
8215
8216
8219
8224
8228
8229
8230
8232
8233
8234
8236
8237
8240
8241
8242
8243
8246
8247
8249
8254
8255
8256
8257
8258
8259
8260
8264
8265
8268
8269
8270
8271
8273
8274
8276
8280
8281
8282
8283
8284
8285
8286
8287
8288
8290
8293
8294
8295
8296
8298
8301
8303
8305
8308
8310
8311
8312
8313
8315
8316
8319
8322
8327
8328
8330
8337
8338
8342
8344
8345
8347
8349
8350
8353
8360
8361
8363
8366
8367
8369
8371
8372
8373
8375
8377
8378
8379
8380
8381
8383
8385
8388
8392
8394
8395
8396
8397
8402
8404
8405
8406
8407
8408
8410
8412
8413
8414
8416
8418
8419
8420
8422
8423
8427
8428
8429
8430
8431
8432
8433
8434
8437
8438
8439
8441
8442
8444
8447
8448
8449
8450
8451
8452
8453
8454
8456
8457
8458
8459
8460
8461
8462
8463
8464
8465
8466
8469
8470
8473
8474
8479
8480
8481
8482
8483
8484
8485
8486
8487
8490
8492
8493
8494
8495
8497
8499
8500
8501
8504
8505
8510
8513
8514
8515
8518
8521
8523
8524
8525
8526
8527
8530
8531
8532
8534
8542
8545
8546
8547
8548
8549
8551
8552
8554
8555
8557
8562
8564
8565
8566
8567
8568
8569
8574
8575
8576
8577
8578
8579
8582
8583
8585
8586
8587
8590
8593
8594
8595
8597
8598
8600
8601
8602
8604
8605
8607
8608
8609
8611
8619
8622
8623
8624
8627
8628
8630
8631
8632
8633
8634
8635
8636
8637
8639
8645
8652
8653
8654
8655
8656
8657
8659
8660
8662
8663
8664
8665
8666
8667
8668
8674
8675
8678
8679
8681
8683
8684
8687
8689
8690
8692
8695
8698
8699
8704
8707
8708
8710
8711
8712
8713
8716
8717
8719
8720
8725
8726
8729
8730
8734
8735
8736
8739
8740
8743
8744
8746
8747
8748
8750
8755
8758
8759
8760
8761
8762
8763
8765
8766
8767
8770
8772
8773
8774
8779
8780
8781
8782
8783
8784
8786
8787
8790
8796
8800
8801
8803
8807
8809
8811
8816
8819
8822
8823
8824
8829
8830
8831
8836
8840
8846
8850
8851
8852
8853
8856
8857
8860
8861
8863
8864
8867
8870
8871
8872
8873
8874
8875
8876
8879
8882
8883
8887
8889
8890
8891
8892
8893
8894
8896
8899
8900
8901
8903
8905
8908
8909
8911
8912
8913
8914
8915
8916
8917
8918
8920
8923
8924
8926
8928
8931
8933
8937
8939
8940
8942
8944
8946
8947
8948
8954
8956
8957
8959
8960
8962
8963
8964
8969
8971
8974
8977
8986
8990
8992
8993
9000
9006
9009
9011
9012
9014
9015
9018
9020
9026
9028
9030
9031
9032
9035
9036
9040
9041
9042
9043
9044
9047
9048
9049
9050
9051
9052
9053
9054
9055
9058
9061
9063
9067
9068
9072
9074
9075
9076
9077
9079
9080
9082
9083
9084
9086
9087
9088
9089
9090
9092
9094
9097
9100
9107
9109
9111
9112
9113
9114
9115
9118
9119
9121
9126
9128
9129
9131
9132
9133
9134
9135
9137
9138
9139
9140
9141
9142
9143
9144
9145
9146
9149
9150
9153
9154
9157
9159
9160
9161
9163
9164
9165
9166
9169
9170
9176
9181
9182
9183
9184
9186
9187
9188
9191
9192
9193
9194
9196
9199
9201
9202
9203
9205
9206
9211
9212
9213
9214
9215
9216
9217
9218
9219
9220
9221
9222
9223
9224
9225
9229
9230
9231
9233
9234
9236
9237
9238
9240
9241
9245
9247
9248
9251
9252
9253
9254
9255
9257
9259
9262
9263
9266
9268
9271
9272
9275
9278
9279
9280
9281
9283
9284
9285
9286
9289
9291
9294
9295
9297
9298
9300
9302
9303
9306
9308
9310
9311
9313
9314
9315
9316
9318
9319
9320
9321
9322
9323
9324
9326
9327
9329
9330
9331
9333
9335
9336
9338
9340
9341
9342
9345
9346
9347
9348
9349
9350
9351
9352
9354
9356
9357
9358
9360
9361
9366
9371
9373
9374
9376
9377
9379
9381
9382
9385
9386
9387
9388
9389
9390
9391
9394
9395
9396
9397
9398
9399
9400
9402
9404
9408
9410
9411
9413
9414
9415
9418
9420
9428
9429
9431
9435
9444
9445
9446
9449
9450
9451
9452
9455
9457
9462
9463
9464
9466
9473
9476
9477
9478
9479
9480
9481
9482
9483
9484
9485
9486
9487
9489
9490
9491
9492
9493
9494
9495
9496
9497
9498
9500
9505
9507
9515
9516
9517
9518
9521
9523
9524
9525
9526
9528
9530
9531
9532
9533
9535
9537
9538
9539
9543
9544
9548
9549
9550
9552
9555
9556
9563
9566
9569
9572
9576
9582
9583
9586
9587
9588
9589
9592
9593
9594
9595
9597
9598
9599
9600
9601
9602
9604
9607
9608
9609
9616
9617
9620
9621
9624
9628
9629
9632
9634
9636
9638
9639
9640
9641
9642
9643
9645
9648
9651
9652
9654
9655
9657
9659
9660
9661
9662
9664
9666
9667
9668
9669
9670
9671
9672
9673
9674
9676
9677
9678
9683
9686
9687
9688
9689
9691
9694
9695
9696
9697
9698
9699
9703
9710
9711
9712
9714
9715
9716
9717
9718
9719
9720
9721
9722
9723
9725
9726
9727
9729
9730
9731
9737
9738
9741
9743
9745
9747
9749
9750
9751
9755
9756
9757
9758
9759
9764
9767
9768
9769
9770
9772
9773
9774
9775
9778
9779
9780
9781
9786
9787
9788
9789
9790
9791
9792
9794
9795
9796
9798
9800
9801
9802
9803
9804
9805
9806
9807
9808
9809
9837
9838
9840
9843
9844
9846
9847
9849
9850
9851
9853
9854
9855
9856
9857
9858
9860
9861
9862
9863
9866
9867
9869
9870
9871
9872
9876
9882
9883
9884
9885
9886
9887
9888
9889
9890
9891
9910
9916
9918
9920
9921
9922
9924
9925
9927
9928
9929
9930
9931
9932
9933
9934
9935
9936
9937
9938
9939
9940
9942
9944
9945
9946
9949
9950
9953
9959
9960
9961
9964
9965
9966
9967
9968
9970
9981
9982
9984
9986
9989
9991
9993
9994
9995
9997
9998
9999
10000
10001
10002
10003
10004
10005
10006
10007
10008
10009
10010
10013
10015
10016
10017
10018
10020
10021
10023
10025
10026
10028
10029
10030
10033
10034
10035
10036
10037
10038
10039
10040
10041
10045
10047
10048
10050
10051
10052
10053
10054
10059
10060
10061
10062
10064
10065
10066
10067
10068
10069
10070
10071
10072
10075
10078
10080
10081
10083
10084
10086
10087
10090
10092
10094
10095
10096
10098
10099
10100
10101
10102
10103
10104
10105
10106
10107
10108
10111
10113
10122
10128
10129
10130
10131
10132
10133
10134
10135
10137
10139
10140
10141
10143
10144
10145
10146
10147
10148
10149
10152
10153
10154
10155
10156
10157
10159
10160
10161
10163
10164
10167
10168
10169
10170
10171
10172
10177
10178
10179
10180
10181
10182
10183
10185
10186
10187
10188
10191
10192
10193
10194
10195
10196
10199
10200
10201
10202
10203
10204
10205
10207
10209
10210
10211
10212
10215
10221
10226
10228
10229
10230
10231
10232
10233
10234
10235
10236
10237
10238
10239
10240
10241
10242
10243
10244
10246
10247
10250
10251
10253
10254
10255
10256
10258
10263
10266
10267
10269
10270
10271
10272
10274
10275
10276
10277
10278
10279
10280
10281
10282
10283
10284
10286
10288
10289
10291
10293
10297
10298
10299
10300
10301
10302
10303
10305
10306
10308
10309
10312
10313
10314
10316
10318
10319
10320
10321
10322
10323
10324
10326
10328
10329
10331
10332
10333
10334
10337
10339
10340
10345
10346
10357
10358
10359
10363
10365
10367
10368
10369
10370
10371
10377
10378
10379
10381
10382
10386
10390
10391
